   9.99999978E-03
  0.100000001    
   1.00000000    
         250
 0.004 0.47170252 0.11659777 0.09582114 0 0 0
 0.004 0.77144372 0.55217236 0.00080198 0 0 0
 0.004 0.61255914 0.07076186 0.15782559 0 0 0
 0.004 0.96419537 0.21818364 0.11656696 0 0 0
 0.004 0.99185848 0.04567772 0.11460048 0 0 0
 0.004 0.32862419 0.57761616 0.47537464 0 0 0
 0.004 0.67119104 0.41746318 0.26598930 0 0 0
 0.004 0.88273472 0.11945939 0.21347684 0 0 0
 0.004 0.24657530 0.03913987 0.35713053 0 0 0
 0.004 0.61637324 0.33557421 0.61588693 0 0 0
 0.004 0.31136560 0.76758361 0.02032489 0 0 0
 0.004 0.12451828 0.02531552 0.50722569 0 0 0
 0.004 0.57734674 0.66022855 0.47104460 0 0 0
 0.004 0.44602555 0.50254798 0.56686753 0 0 0
 0.004 0.12893003 0.35570192 0.47107315 0 0 0
 0.004 0.33384037 0.20641154 0.88874036 0 0 0
 0.004 0.37519318 0.84219855 0.01741731 0 0 0
 0.004 0.09151793 0.09786934 0.13411564 0 0 0
 0.004 0.93394804 0.06875145 0.28614527 0 0 0
 0.004 0.43987012 0.88375634 0.08210379 0 0 0
 0.004 0.81248534 0.43748504 0.18672460 0 0 0
 0.004 0.94545716 0.14793468 0.04108351 0 0 0
 0.004 0.99563271 0.00421339 0.05268496 0 0 0
 0.004 0.77755934 0.27605391 0.44080597 0 0 0
 0.004 0.84842789 0.51751727 0.08582437 0 0 0
 0.004 0.06311226 0.44076747 0.53844792 0 0 0
 0.004 0.34311736 0.70978349 0.19478774 0 0 0
 0.004 0.81958121 0.52853680 0.18933064 0 0 0
 0.004 0.08493787 0.87531769 0.10063213 0 0 0
 0.004 0.65041906 0.12993187 0.30533510 0 0 0
 0.004 0.18865252 0.88333929 0.17378157 0 0 0
 0.004 0.00586653 0.49686837 0.63568062 0 0 0
 0.004 0.58551568 0.72729439 0.31272840 0 0 0
 0.004 0.03425664 0.29416764 0.19465429 0 0 0
 0.004 0.26092672 0.32587308 0.28331995 0 0 0
 0.004 0.72691178 0.02027959 0.64719081 0 0 0
 0.004 0.77187067 0.41487432 0.23900175 0 0 0
 0.004 0.00353074 0.04825097 0.43964648 0 0 0
 0.004 0.37111658 0.11766773 0.06972677 0 0 0
 0.004 0.42522842 0.17338657 0.78774244 0 0 0
 0.004 0.85936767 0.23182774 0.01516253 0 0 0
 0.004 0.86429894 0.26618451 0.37982374 0 0 0
 0.004 0.26284051 0.19241804 0.45080554 0 0 0
 0.004 0.25682151 0.84540933 0.44511938 0 0 0
 0.004 0.28920788 0.62049621 0.65713573 0 0 0
 0.004 0.77362412 0.02615732 0.10581070 0 0 0
 0.004 0.47868043 0.71345335 0.24667066 0 0 0
 0.004 0.91089433 0.02150977 0.08884692 0 0 0
 0.004 0.91004777 0.36670738 0.06514138 0 0 0
 0.004 0.67115355 0.65994036 0.33048379 0 0 0
 0.004 0.68340367 0.40077150 0.09567219 0 0 0
 0.004 0.16972721 0.44976205 0.73559415 0 0 0
 0.004 0.71844494 0.54647774 0.02499723 0 0 0
 0.004 0.00431031 0.65871394 0.16502416 0 0 0
 0.004 0.89838225 0.23756891 0.15826762 0 0 0
 0.004 0.03542620 0.22082865 0.47621626 0 0 0
 0.004 0.66919428 0.71979833 0.05543858 0 0 0
 0.004 0.16681433 0.43497622 0.05071062 0 0 0
 0.004 0.43823010 0.77279520 0.31366175 0 0 0
 0.004 0.93718749 0.14546412 0.18735778 0 0 0
 0.004 0.59759885 0.57250184 0.25838286 0 0 0
 0.004 0.20060879 0.84146619 0.23371983 0 0 0
 0.004 0.18386096 0.88405061 0.40351140 0 0 0
 0.004 0.61435920 0.18104213 0.64281178 0 0 0
 0.004 0.60663706 0.16247982 0.65201539 0 0 0
 0.004 0.64812630 0.05621624 0.74226737 0 0 0
 0.004 0.45391786 0.68917912 0.35033166 0 0 0
 0.004 0.26296926 0.27910542 0.88285995 0 0 0
 0.004 0.49685961 0.56183946 0.51744825 0 0 0
 0.004 0.89951092 0.21316069 0.35694945 0 0 0
 0.004 0.85265368 0.16270077 0.07418483 0 0 0
 0.004 0.38067114 0.84333092 0.33923018 0 0 0
 0.004 0.04209840 0.54273397 0.07951117 0 0 0
 0.004 0.29019332 0.42266273 0.42406142 0 0 0
 0.004 0.06624973 0.41619933 0.27349806 0 0 0
 0.004 0.78676617 0.12649703 0.52909613 0 0 0
 0.004 0.54557103 0.24488801 0.62082070 0 0 0
 0.004 0.48884797 0.16666663 0.30569959 0 0 0
 0.004 0.70150799 0.13194418 0.43161392 0 0 0
 0.004 0.07910287 0.90195435 0.17810911 0 0 0
 0.004 0.62785029 0.09576511 0.64442641 0 0 0
 0.004 0.22428954 0.79256046 0.45536208 0 0 0
 0.004 0.01164252 0.87173218 0.14357948 0 0 0
 0.004 0.62822300 0.73471171 0.09493428 0 0 0
 0.004 0.64618260 0.36817575 0.22556502 0 0 0
 0.004 0.64112812 0.75123543 0.09087694 0 0 0
 0.004 0.62672108 0.45628411 0.01254028 0 0 0
 0.004 0.60250318 0.09978622 0.02203584 0 0 0
 0.004 0.39895934 0.62695473 0.31327945 0 0 0
 0.004 0.03580976 0.62671322 0.47388691 0 0 0
 0.004 0.36259258 0.30328923 0.55376112 0 0 0
 0.004 0.99741745 0.00338411 0.01649439 0 0 0
 0.004 0.99708843 0.05710620 0.01815420 0 0 0
 0.004 0.61999124 0.18054932 0.52751601 0 0 0
 0.004 0.12495506 0.89699471 0.21146196 0 0 0
 0.004 0.85190386 0.03330106 0.46384031 0 0 0
 0.004 0.84544474 0.22954375 0.22615647 0 0 0
 0.004 0.11221731 0.98561072 0.02206397 0 0 0
 0.004 0.09071499 0.48594028 0.30156732 0 0 0
 0.004 0.58257401 0.69995016 0.03097266 0 0 0
 0.004 0.36390656 0.85707563 0.19403207 0 0 0
 0.004 0.03023726 0.66160971 0.52746344 0 0 0
 0.004 0.08196682 0.36962187 0.56994623 0 0 0
 0.004 0.51400125 0.03394580 0.34726775 0 0 0
 0.004 0.44759560 0.86241543 0.07504964 0 0 0
 0.004 0.04613775 0.46507955 0.65112895 0 0 0
 0.004 0.32233036 0.46679676 0.59188443 0 0 0
 0.004 0.50402379 0.46970040 0.19104832 0 0 0
 0.004 0.53353608 0.80559087 0.20626324 0 0 0
 0.004 0.34880769 0.26844144 0.52653867 0 0 0
 0.004 0.43717611 0.81673080 0.02063036 0 0 0
 0.004 0.65691072 0.43583429 0.48069459 0 0 0
 0.004 0.56481451 0.42244130 0.41047168 0 0 0
 0.004 0.71419328 0.49976689 0.03569317 0 0 0
 0.004 0.59279251 0.34625733 0.41047013 0 0 0
 0.004 0.17369086 0.40950572 0.43019944 0 0 0
 0.004 0.32564366 0.17168474 0.39896494 0 0 0
 0.004 0.50053352 0.19498742 0.52117568 0 0 0
 0.004 0.29102433 0.42754489 0.41821808 0 0 0
 0.004 0.63722128 0.65968543 0.24220932 0 0 0
 0.004 0.47870648 0.18729383 0.42383254 0 0 0
 0.004 0.07637376 0.63945007 0.04132593 0 0 0
 0.004 0.95231700 0.13982832 0.13734519 0 0 0
 0.004 0.22938085 0.79544812 0.02529472 0 0 0
 0.004 0.87988490 0.05592585 0.41666043 0 0 0
 0.004 0.71034712 0.05633533 0.69173867 0 0 0
 0.004 0.90384841 0.31482619 0.17013538 0 0 0
 0.004 0.97274995 0.14210588 0.06187141 0 0 0
 0.004 0.05856031 0.63186288 0.16641337 0 0 0
 0.004 0.75103807 0.23582375 0.31023741 0 0 0
 0.004 0.83821768 0.03183109 0.46185774 0 0 0
 0.004 0.87783420 0.24463969 0.16466272 0 0 0
 0.004 0.39621419 0.56507319 0.60475701 0 0 0
 0.004 0.26888883 0.42780906 0.22806078 0 0 0
 0.004 0.74481100 0.18770051 0.46695054 0 0 0
 0.004 0.58826810 0.41395760 0.42860019 0 0 0
 0.004 0.87229490 0.22770679 0.38171995 0 0 0
 0.004 0.80071169 0.59219098 0.03637069 0 0 0
 0.004 0.98343956 0.14012825 0.00683159 0 0 0
 0.004 0.40043277 0.47683787 0.05142134 0 0 0
 0.004 0.95236874 0.11582530 0.13824028 0 0 0
 0.004 0.24684906 0.78581631 0.37009698 0 0 0
 0.004 0.90624559 0.40420353 0.04352850 0 0 0
 0.004 0.21876538 0.69876516 0.54279840 0 0 0
 0.004 0.53828502 0.44765699 0.39140195 0 0 0
 0.004 0.62253159 0.62586695 0.39615405 0 0 0
 0.004 0.59199029 0.42126626 0.43495339 0 0 0
 0.004 0.26491976 0.06359649 0.53271013 0 0 0
 0.004 0.67478150 0.60317177 0.16359532 0 0 0
 0.004 0.03508973 0.95585614 0.13429260 0 0 0
 0.004 0.54557478 0.20344079 0.01163143 0 0 0
 0.004 0.54923910 0.40115762 0.40687448 0 0 0
 0.004 0.84208518 0.50108176 0.16715431 0 0 0
 0.004 0.38816601 0.57479227 0.34917396 0 0 0
 0.004 0.61147940 0.68160790 0.29100531 0 0 0
 0.004 0.93622851 0.24936491 0.02202684 0 0 0
 0.004 0.94995809 0.08491653 0.22382933 0 0 0
 0.004 0.42379928 0.17951155 0.26804698 0 0 0
 0.004 0.26039511 0.44638723 0.49181587 0 0 0
 0.004 0.58004129 0.44532442 0.27094448 0 0 0
 0.004 0.49391437 0.86761355 0.00928766 0 0 0
 0.004 0.81595802 0.35346681 0.35762554 0 0 0
 0.004 0.91913062 0.24676830 0.10710680 0 0 0
 0.004 0.68355137 0.52882975 0.02380157 0 0 0
 0.004 0.31556660 0.34780753 0.25758386 0 0 0
 0.004 0.05054390 0.67042369 0.16480005 0 0 0
 0.004 0.30794543 0.06744528 0.79875308 0 0 0
 0.004 0.62674034 0.63266069 0.14988631 0 0 0
 0.004 0.35499179 0.42611617 0.82133865 0 0 0
 0.004 0.26562768 0.86508024 0.20654154 0 0 0
 0.004 0.57882148 0.19870996 0.56733268 0 0 0
 0.004 0.59364569 0.33516562 0.41591805 0 0 0
 0.004 0.41252422 0.77048808 0.30465788 0 0 0
 0.004 0.57827878 0.61501020 0.14084566 0 0 0
 0.004 0.24193752 0.14243501 0.93679327 0 0 0
 0.004 0.77757150 0.11332595 0.21273190 0 0 0
 0.004 0.56927949 0.55404830 0.07092774 0 0 0
 0.004 0.94763464 0.02601439 0.03291643 0 0 0
 0.004 0.00406611 0.15924054 0.08935833 0 0 0
 0.004 0.21656293 0.13714397 0.63551873 0 0 0
 0.004 0.97870862 0.04682803 0.16598773 0 0 0
 0.004 0.82324624 0.53139657 0.19482225 0 0 0
 0.004 0.31327587 0.25766248 0.13468188 0 0 0
 0.004 0.16190350 0.21499801 0.42367345 0 0 0
 0.004 0.12519586 0.70748562 0.10775751 0 0 0
 0.004 0.58237404 0.29225773 0.47044897 0 0 0
 0.004 0.08165586 0.13507223 0.85893083 0 0 0
 0.004 0.42428368 0.04863191 0.35897815 0 0 0
 0.004 0.05503786 0.57523173 0.66368639 0 0 0
 0.004 0.80346006 0.12411225 0.42353886 0 0 0
 0.004 0.07101226 0.10755795 0.30717957 0 0 0
 0.004 0.94168395 0.01698351 0.28416151 0 0 0
 0.004 0.62387347 0.35941380 0.12445092 0 0 0
 0.004 0.57092077 0.51726234 0.57562232 0 0 0
 0.004 0.26526421 0.69850433 0.12755448 0 0 0
 0.004 0.32616192 0.89859849 0.04779893 0 0 0
 0.004 0.64836925 0.20437169 0.41042626 0 0 0
 0.004 0.83258063 0.17442578 0.39968878 0 0 0
 0.004 0.20034146 0.16117322 0.14009762 0 0 0
 0.004 0.05942535 0.24123549 0.26406199 0 0 0
 0.004 0.96762377 0.03022587 0.08032787 0 0 0
 0.004 0.08841848 0.05339128 0.54957426 0 0 0
 0.004 0.72064620 0.66623145 0.00666910 0 0 0
 0.004 0.65915102 0.25799167 0.47691888 0 0 0
 0.004 0.52798510 0.54117888 0.54069394 0 0 0
 0.004 0.90450084 0.12726378 0.01743412 0 0 0
 0.004 0.74815953 0.21562028 0.10861582 0 0 0
 0.004 0.95247948 0.03617656 0.22649354 0 0 0
 0.004 0.49935776 0.81575835 0.01189804 0 0 0
 0.004 0.65353286 0.02280009 0.16789448 0 0 0
 0.004 0.60312569 0.09387106 0.31223333 0 0 0
 0.004 0.48539841 0.32912046 0.21171266 0 0 0
 0.004 0.24218464 0.15176123 0.39092463 0 0 0
 0.004 0.36694771 0.32813638 0.43590856 0 0 0
 0.004 0.95093292 0.18584043 0.15201664 0 0 0
 0.004 0.50295585 0.03809494 0.05671746 0 0 0
 0.004 0.76390868 0.10776401 0.60792053 0 0 0
 0.004 0.23124850 0.85865515 0.09917790 0 0 0
 0.004 0.72131830 0.04486907 0.13811898 0 0 0
 0.004 0.88998049 0.07153726 0.38461685 0 0 0
 0.004 0.98956466 0.06393391 0.07639766 0 0 0
 0.004 0.82216972 0.25962853 0.39160395 0 0 0
 0.004 0.55605209 0.42342353 0.66039908 0 0 0
 0.004 0.70305330 0.08624244 0.10821480 0 0 0
 0.004 0.76416898 0.17330563 0.43345660 0 0 0
 0.004 0.98119128 0.01229167 0.14143163 0 0 0
 0.004 0.83015549 0.24210906 0.49611038 0 0 0
 0.004 0.08197355 0.93256491 0.16037828 0 0 0
 0.004 0.79949683 0.47639495 0.09602475 0 0 0
 0.004 0.94694501 0.06412995 0.04343957 0 0 0
 0.004 0.79650140 0.28662479 0.34838951 0 0 0
 0.004 0.62260932 0.26394743 0.35925871 0 0 0
 0.004 0.62464243 0.16699147 0.51355082 0 0 0
 0.004 0.03532696 0.88751638 0.05641729 0 0 0
 0.004 0.73921007 0.06915754 0.36300749 0 0 0
 0.004 0.92671716 0.09440911 0.11853248 0 0 0
 0.004 0.32295293 0.21473551 0.92106551 0 0 0
 0.004 0.74670345 0.39456671 0.00449181 0 0 0
 0.004 0.44227391 0.76513332 0.19130307 0 0 0
 0.004 0.51475441 0.35376376 0.22384280 0 0 0
 0.004 0.32267946 0.74436051 0.52054089 0 0 0
 0.004 0.29980254 0.86098391 0.25632179 0 0 0
 0.004 0.67550910 0.02003247 0.32508701 0 0 0
 0.004 0.72436422 0.04317236 0.02266544 0 0 0
 0.004 0.57658327 0.36516255 0.33040637 0 0 0
 0.004 0.24003518 0.73424822 0.63458538 0 0 0
 0.004 0.62284410 0.07483608 0.08022785 0 0 0
 0.004 0.99369133 0.08441073 0.02427667 0 0 0
 0.004 0.54840499 0.55668014 0.19770294 0 0 0
 0.004 0.97127187 0.20511383 0.01511639 0 0 0
